Sat.ElapsedSecs           Sat.Earth.RMAG            Sat.Earth.Latitude        Sat.Earth.Longitude       Sat.VX                    Sat.VY                    Sat.VZ                    
0                         6778                      0.1400246931968212        -100.5794252793815        0                         8.253957722566588         4.481533390042221         
59.99999988125637         6785.778777766417         2.423375337400406         -96.64444055730279        -0.5203259087078059       8.23495348722842          4.471176048437431         
144.9253577389754         6823.175428793586         5.609886531263407         -91.08527889715857        -1.245276718513478        8.14419657339363          4.421745349378059         
233.8538823765703         6894.598796741443         8.829835612112406         -85.29478282771262        -1.974494158030435        7.973617374367223         4.328856667205066         
324.8920104000717         7000.156912762114         11.93933886848009         -79.42153203442211        -2.67351530680899         7.727934583373046         4.195090234870679         
418.7226106412709         7140.708428704615         14.89160742340952         -73.45152686495632        -3.33074698424045         7.412154627974361         4.023185544673099         
516.2868376588449         7317.624142311697         17.6473383774851          -67.36344664355907        -3.937175414428638        7.032018047372187         3.816283477203138         
551.7388427979313         7388.933652042939         18.56415507107523         -65.18749792996081        -4.137211035462656        6.883970139101252         3.735713964514798         
597.1348316059448         7485.241237885933         19.67075512500514         -62.43314496932026        -4.377417691358694        6.688521270631777         3.629357077754028         
657.6288824435323         7621.650749020472         21.0273714674821          -58.82338959533615        -4.66996171997958         6.420177301252555         3.483349159206202         
747.5610512425192         7839.625803288853         22.79789049279193         -53.59868534926259        -5.048411650307919        6.010833514922171         3.260657476391277         
852.3877718718722         8113.12311118098          24.50463050637111         -47.74612844338447        -5.409552568580859        5.528431580302755         2.998274334304698         
961.389569810126          8415.305157990559         25.90199905207138         -41.95750842634592        -5.702652322803909        5.031986303532557         2.728312594849998         
1074.482685956173         8743.487776918519         26.98834781242245         -36.2923552928937         -5.929243062549735        4.531771576556629         2.456361606216237         
1193.168171751313         9099.515097109757         27.78338377297121         -30.73200677115709        -6.094950340298935        4.029980334065918         2.183614154084511         
1318.819362006616         9485.046086842342         28.30102168345322         -25.27548236739868        -6.203752181409381        3.529136874620796         1.911442346588287         
1452.481345727574         9900.619470700774         28.55277958767897         -19.94382332845788        -6.258697083745254        3.032987411499898         1.641881247336683         
1595.756927726325         10348.19529569769         28.55157816579797         -14.74157250127292        -6.2627252073609          2.543232299367592         1.375853381824589         
1750.289457128383         10829.37970615343         28.3092385770609          -9.680201691690273        -6.218185306695942        2.061883396068847         1.114450087202376         
1917.576732777525         11344.63133526106         27.83842299548052         -4.781020103403093        -6.127276036586956        1.591748920313868         0.8591946028419057        
2099.027762445621         11893.29002868712         27.15398662744445         -0.06831313645116151      -5.992393192187298        1.135934842665385         0.6117710100370797        
2295.878570596687         12473.24631280549         26.27360249683649         4.432763343261982         -5.816346835682772        0.697734825488489         0.3739643542280699        
2509.210958972108         13081.0058437656          25.21732851365444         8.700604600028971         -5.602378690943974        0.2802422178373735        0.1474500295672556        
2740.009387757163         13711.90741094709         24.00631054872239         12.72043486202743         -5.353996877153128        -0.1139755934506832       -0.06638275537844318      
2989.273843669798         14360.47995117742         22.66094089155099         16.48630350706078         -5.074671800367658        -0.4831037491537317       -0.2665535521573063       
3032.209319458343         14468.67331882222         22.427571194816           17.08274405743292         -5.02588257444495         -0.5414576122436441       -0.2981925449748739       
3074.075461062603         14573.16590372516         22.19985990522153         17.65083425211516         -4.978184140155391        -0.5969922432739297       -0.3283015838326292       
3189.939672744367         14857.15082779159         21.56962821002523         19.15711979214599         -4.845706274599838        -0.7439715693320784       -0.4079821091806266       
3437.073709652759         15437.26733068875         20.23103812657827         22.07840235591405         -4.562164108343228        -1.027393815010729        -0.5616009031055105       
3737.482165906113         16095.4696311646          18.62636989590873         25.1766953661517          -4.218641020100778        -1.324195998088347        -0.7224225038797756       
4062.835053470917         16750.62939271771         16.92712736588308         28.07920794823589         -3.850932478597384        -1.59642759851301         -0.8698760376130008       
4411.939408967737         17387.87313718693         15.15385153264214         30.77656754829656         -3.463290380630858        -1.841494490580423        -1.002558275928904        
4785.618695290759         17996.02198150562         13.31306252214052         33.28598472359124         -3.057104136108021        -2.059142799959679        -1.120333771877102        
5184.73463075934          18562.96938061235         11.4079103548571          35.62858455963379         -2.633135413399697        -2.249150560636729        -1.223083654502436        
5609.699436218943         19074.98688077184         9.440412209011701         37.82687787067179         -2.191993982863005        -2.410983274066524        -1.310519094611462        
6054.411754827015         19511.80752907486         7.438074385963419         39.87984303584655         -1.740157818360476        -2.542264280911436        -1.381356684872236        
6516.405838227365         19860.50376693624         5.406578388740539         41.81621832964168         -1.279354539060265        -2.642829431486315        -1.435509514456082        
6993.070083518978         20109.84011833492         3.348744438384614         43.66939065252964         -0.8107333206009681       -2.71248776522647         -1.47287542504081         
7481.212031655014         20250.31823619192         1.266998442882606         45.47508746355437         -0.335407891585174        -2.750814553550267        -1.49322518601616         
7976.983771123923         20274.82899668029         -0.8357334539292832       47.27094185265598         0.1453464617125008        -2.757145745143891        -1.49619967301051         
8475.99252689397          20179.39169711919         -2.95571196848125         49.09635532173271         0.6300287791985055        -2.730618416149404        -1.48133188654245         
8973.560676479246         19963.69125342936         -5.088460503134281        50.99240711438971         1.116941176579576         -2.670202660676903        -1.448064226695463        
9465.092197107151         19631.18725712091         -7.229133238411537        53.00192677347927         1.604288280891961         -2.574686123686928        -1.395739981989801        
9946.357037918642         19188.80093651602         -9.372510684782522        55.16947013368691         2.090194232474268         -2.442616037804016        -1.323571817154513        
10413.6031114147          18646.43010328282         -11.51228854507012        57.54101052141834         2.572563178772975         -2.272256172459211        -1.230618494428678        
10863.52392715635         18016.53801087234         -13.63970392725532        60.16313059470036         3.048801386927163         -2.06162560370794         -1.115806133603553        
11286.76697288174         17325.10388142836         -15.70990855544299        63.03437765548287         3.508432356080691         -1.812863466350076        -0.9803049998834107       
11682.20403855667         16590.27170455887         -17.7086702168392         66.18443304749449         3.948114836321579         -1.525832641479952        -0.8240424333155079       
12049.85256493092         15828.42719886081         -19.62069743038158        69.64270433542389         4.364513745460179         -1.20018133903665         -0.6468289025023207       
12390.11991029838         15054.79403474681         -21.42602116614934        73.43370351532178         4.7535506159335           -0.8358300914899167       -0.4486231056559311       
12703.79380612867         14283.07275192379         -23.10010739680979        77.57631678811244         5.110484690080785         -0.4331228402501258       -0.2296139347107084       
12992.08503090777         13524.95002554211         -24.61457253890146        82.08411181933354         5.430100344932265         0.007168522721218616      0.009777194991224446      
13256.63618221879         12789.69494101061         -25.93793937324511        86.96654609289395         5.706861543402415         0.4839679903501203        0.2689636577210611        
13499.42588730482         12084.13679101599         -27.03579922533085        92.2296928673629          5.934891563378721         0.9959895889208488        0.5472446072873516        
13722.50090665184         11413.34972240814         -27.87013959200704        97.87266104993043         6.107727149163054         1.541404136885014         0.8436235778808886        
13927.73032210534         10781.50745290115         -28.39965012075571        103.8805418006268         6.218212453320438         2.117147003056096         1.156432068871241         
14116.40402589692         10193.32218484583         -28.58245586808122        110.2067470689318         6.258805050302113         2.717181802574059         1.482386139740876         
14289.0396569157          9654.743529971107         -28.38536545898555        116.7541904530847         6.223134964834924         3.33066164617044          1.8155880889053           
14446.01704550441         9170.76348211458          -27.79633949728444        123.3911170485706         6.108281620693941         3.943358965183585         2.148304144766189         
14588.57295163907         8742.093125228221         -26.82532545620766        130.0065167992056         5.914957537973675         4.542642662549484         2.47366786227971          
14718.82605504943         8365.370744593147         -25.49227269948129        136.5413927513953         5.64531381619046          5.119971668411684         2.787032983810552         
14839.16814050172         8035.665249825819         -23.81677624868891        142.9799597701753         5.301095046201618         5.669637740398948         3.08528909370109          
14951.79315260611         7748.443871596591         -21.81526695414204        149.3292810678826         4.883278242447237         6.186572775632104         3.36567009660155          
15058.65584495477         7500.088137929673         -19.49990148808434        155.612521978709          4.392026954971605         6.665437237235954         3.625258711523972         
15161.50348980445         7288.105612646629         -16.87880611418596        161.864839871084          3.826906440388267         7.099919256968593         3.860605608154215         
15262.04655300826         7111.049558404286         -13.95379333060309        168.1382725853408         3.186543611078027         7.482554983888099         4.067630996371194         
15360.72953370167         6970.413693269925         -10.76448214355907        174.4183925220026         2.478623791281155         7.800146996700539         4.239150014692771         
15455.88234155439         6869.31234163625          -7.438922258002365        -179.4399892784717        1.732009998631969         8.036208269194828         4.366226330027819         
15548.0068270932          6806.21984221542          -4.046744940024374        -173.4384309153311        0.9640767835369338        8.186652805005066         4.446654529619314         
15637.98033449566         6779.2242612979           -0.6398699884486189       -167.5464558281234        0.1889483812628271        8.251203814152269         4.480302039682117         
15726.78191164741         6786.811029724427         2.740007106706544         -161.721872423326         -0.5813000247250131       8.231487620772434         4.468074271228775         
15815.4021269409          6828.099173781311         6.056644771084878         -155.9197330639709        -1.335915764799703        8.130213051775549         4.411468909204496         
15904.84769451432         6902.901754833582         9.276980828828387         -150.0949841178929        -2.065221907780872        7.950789626451816         4.31236778905622          
15996.14352299832         7011.725100108214         12.36862563549626         -144.2052779726971        -2.760257852291689        7.697169479476405         4.172950634866251         
16090.28554908            7155.625121540211         15.29631829332839         -138.2170720222601        -3.412152554366671        7.37408329971801          3.995823710126473         
16188.23344084667         7336.000683485207         18.02133872322634         -132.1091233220766        -4.012137953420026        6.987382765766703         3.784204984788434         
16219.55061564222         7399.634202703984         18.81943723262674         -130.1877875210351        -4.186463565564858        6.855529325326316         3.712116362941752         
16253.1572679989          7470.87752233936          19.63565297698921         -128.1450454429433        -4.364047566586867        6.710606932645513         3.632914619064302         
16307.28945307201         7591.666191114944         20.86255586147579         -124.8992966024927        -4.629609221464894        6.471184764840367         3.502132843117363         
16387.87281074328         7783.976816148037         22.48998515363241         -120.1791464086925        -4.979235347193285        6.105472826761091         3.302502099581898         
16494.18367421022         8057.314693989387         24.28503364972365         -114.1790424720323        -5.361371956463412        5.615943408233249         3.035500144512262         
16602.65031581512         8354.871185853133         25.73176832673311         -108.3504514922711        -5.666891755727829        5.119675390737926         2.7650400201082           
16714.85417154618         8677.958389602323         26.86119015179337         -102.6552853041356        -5.904351261346454        4.619552998796297         2.492675133706399         
16832.38204851514         9028.577272295681         27.69554981078534         -97.06818628491699        -6.079976589647395        4.11747302146471          2.219425570961012         
16956.62987086689         9408.443273779365         28.249690130073           -91.58537836554433        -6.197994650590512        3.615885446462625         1.946615223023838         
17088.62181737786         9818.067294988537         28.5353890450051          -86.22756614675697        -6.261552502729823        3.118620146849163         1.676318827033763         
17229.94321439182         10259.42364901556         28.56590151680716         -80.99848871751303        -6.273704207614851        2.627383947235478         1.409456707308874         
17382.24624975119         10734.25528612289         28.35316157330261         -75.90814160613239        -6.236859274801439        2.144097154252899         1.147065960638262         
17547.03750255285         11243.19052346696         27.90967992500516         -70.97707149710997        -6.153211209020045        1.671517520456427         0.8906383145892203        
17725.74542606017         11785.79343184163         27.25002298335633         -66.22915818621529        -6.025110375989721        1.212718797694368         0.6418359320941757        
17919.63073405204         12360.2023603504          26.3915522168367          -61.68971115592586        -5.855302488369072        0.7710082456051728        0.4024460347162837        
18129.78990613483         12963.13788483362         25.35417429999222         -57.38119171886371        -5.64698433133841         0.3495601175087811        0.1741818202731249        
18357.22720882623         13590.15975125878         24.15903574898205         -53.31930630332258        -5.403641115569117        -0.04896698709236177      -0.04152470642619322      
18602.93557767291         14235.93752538556         22.82684091887361         -49.51133711961809        -5.128780353644815        -0.422624280326813        -0.2436272233554121       
18678.51277379086         14427.78041647947         22.4134761847201          -48.4441209572706         -5.042788602966959        -0.5271646381813455       -0.3001430265463754       
18747.54985595355         14600.19613596072         22.0354548885137          -47.50772447802905        -4.963872482239466        -0.6187671870083419       -0.3496537016240949       
18813.92930630827         14763.41978235419         21.67200129002942         -46.64012164550245        -4.887754833509937        -0.7035081024074384       -0.3954463078589417       
18978.82315800525         15158.00645245698         20.77118790400083         -44.61337959806286        -4.698109586190299        -0.9008011217657999       -0.5020228510295904       
19272.33346751891         15821.91774873539         19.18382676217176         -41.40276805566364        -4.360695638109229        -1.210463750543139        -0.6691818767614796       
19588.46181688132         16482.14286994974         17.50871154406862         -38.41457295028471        -4.000513552964404        -1.493556001374755        -0.8218443015637209       
19927.79287181329         17128.29595211823         15.75799854254366         -35.63941385987684        -3.619988523243188        -1.7493624890597          -0.9596300042324101       
20291.28394676372         17749.90665590344         13.93872350454875         -33.0599613095766         -3.220586493529435        -1.977743912266535        -1.082468722795677        
20679.77754621534         18335.30387213251         12.05536070792097         -30.6563887165276         -2.803330455473934        -2.178514160906691        -1.190263347414541        
21094.3769413163          18872.07109522529         10.10799997358057         -28.40405071535209        -2.368369396660799        -2.351490076152691        -1.282915701523181        
21531.1703403946          19341.53139185677         8.116215468041569         -26.29795015252227        -1.920333378519161        -2.494707346646905        -1.359373444713837        
21986.31193726324         19728.05366096196         6.093909219994664         -24.32002338212959        -1.462753407030404        -2.607268742364619        -1.419160269565308        
22457.27881699568         20019.68291179304         4.044870173035044         -22.43860790608355        -0.9969777802935469       -2.689018143416308        -1.462195775991034        
22941.11223891377         20206.12085460855         1.971640265719948         -20.61895266941686        -0.5241291074856648       -2.739629329711816        -1.488306437033655        
23434.24296757439         20279.18688874496         -0.1231773675367279       -18.82412596127743        -0.04539184477474734      -2.758536977888237        -1.497188975630646        
23932.47856381349         20233.52433515999         -2.236173203527981        -17.01542691877994        0.4378243965116178        -2.744956618355551        -1.488421670644801        
24431.21253827121         20067.26462158133         -4.363090565661543        -15.15246548035454        0.9238850696916435        -2.697928597693759        -1.461488215047235        
24925.78061611857         19782.32355139034         -6.499199216396956        -13.19308580152424        1.41103015848089          -2.616323092735711        -1.415780135924233        
25411.76829988835         19384.25423931405         -8.639382034011007        -11.09343807812925        1.897411334784467         -2.498798483382166        -1.350574065305451        
25885.22735737497         18881.7824126939          -10.77785888804482        -8.80802913305795         2.381049590074377         -2.343739494536565        -1.264998246335179        
26342.68535154406         18286.34040561565         -12.90702642226622        -6.290315298388019        2.859599791286163         -2.149253637210638        -1.158031232390702        
26777.04213042744         17618.41067409192         -14.99612104888057        -3.521653535780762        3.325648901623659         -1.915699027232835        -1.029887776439134        
27184.02173715876         16899.57982841469         -17.01916901523172        -0.4850635797881488       3.773130309696972         -1.643940834618572        -0.8810537823884339       
27563.17603621865         16147.02480391266         -18.96128164000083        2.848905199113143         4.198710677362892         -1.333707892401842        -0.7113900630676619       
27914.7385963588          15376.51383716564         -20.8042781409863         6.506688465511017         4.598598978062503         -0.9847982081332689       -0.5207959918442706       
28239.34568041004         14602.40712049261         -22.52542543550609        10.50951058691503         4.968322696536889         -0.5973610234764766       -0.3093632866540906       
28538.00229731714         13837.34778762591         -24.09762487047114        14.87247775037277         5.302811727005026         -0.1720363379421755       -0.07745156174330242      
28812.19027745537         13091.60631597583         -25.49064183048547        19.60643114324298         5.596671166888504         0.2902173090887736        0.1744058935357365        
29063.75464231241         12373.03321695768         -26.67123532594619        24.71819017208385         5.844171540526217         0.7881666520343726        0.4455257665274759        
29294.76595844608         11687.2770368879          -27.60307995875908        30.21025532081049         6.039145996395693         1.320294722150661         0.7350693813607684        
29507.20468402142         11038.74644166851         -28.24622040463114        36.0744281335204          6.174731038710654         1.884180225532077         1.04170463230034          
29702.65072962502         10431.751219708           -28.55857835968482        42.27955707552107         6.243453472840193         2.475283283733274         1.362946260494463         
29881.92158918828         9871.79919913704          -28.50220026131174        48.75014290830249         6.238194849583918         3.084844088733452         1.694016478126407         
30045.31714729965         9364.750531191528         -28.0557952816562         55.36312531113733         6.154432720656587         3.699519154010186         2.027652764044173         
30193.64226342877         8913.330296049446         -27.22187426404854        61.99238414313508         5.991603308266159         4.305426154952654         2.356308186211821         
30328.7195592653          8515.583915225294         -26.01828908447249        68.55753963889117         5.751579259582783         4.892358363219055         2.674436467765536         
30452.8944169404          8166.949441281001         -24.46587989549423        75.02751109809495         5.436432920096678         5.453671111666634         2.978424334376212         
30568.49046628922         7862.541111895839         -22.5823171019428         81.40333293986311         5.047404784243376         5.984316830708179         3.265521255876596         
30677.56904445123         7598.317944010681         -20.38124165408488        87.70331959555764         4.584907774669186         6.479195169017222         3.532942997363186         
30781.91556720994         7371.414685814744         -17.87318541842776        93.95611979872012         4.048891780464451         6.932267754077539         3.777391486088328         
30883.24371215422         7179.93260635882          -15.06282699465998        100.2069698173687         3.438418807150032         7.336606739466292         3.995079438642719         
30983.31303584855         7023.107625430388         -11.94718458262673        106.5205505005793         2.751396800468487         7.683794191527253         4.181402551288448         
31079.91296639666         6905.895570571119         -8.660652991131814        112.7175096181309         2.017304444479897         7.953046714593658         4.325145351332743         
31173.19029659266         6827.472773855597         -5.284290509899761        118.7703021245448         1.255618350938412         8.137620050926163         4.422695290237986         
31263.93523758743         6785.914784441992         -1.87555974091202         124.7008610817544         0.4815025169452983        8.236072148964377         4.473313771357088         
31353.0912966351          6779.493950767366         1.51998554655364          130.5473235998107         -0.2921346281102745       8.249411167744601         4.477592968344394         
31441.65553066414         6807.047574174539         4.864622867809925         136.3545472409273         -1.054122877209852        8.180001463619877         4.436862402850448         
31530.62919845106         6868.098857004382         8.124395284122388         142.1678868772838         -1.794408899467195        8.031016937687886         4.35289329405842          
31621.03167657042         6962.875553725035         11.26701626117938         148.0311754068929         -2.503811758334876        7.806202918789446         4.22776910077917          
31713.87255488662         7092.227688228736         14.25861102634577         153.9818954915953         -3.173469864662587        7.509951918202757         4.063927918612648         
31810.16273115529         7257.505415995639         17.06283819118894         160.0487405828844         -3.794793882493039        7.147490658217564         3.864263287948702         
31862.25179055473         7358.842819905947         18.4423045460134          163.2751096014285         -4.097809986212446        6.933544950159008         3.746670946540166         
31894.92961949436         7426.33373340235          19.25681058011555         165.2762970354989         -4.275845307998503        6.794370790460479         3.670255508224812         
31929.72395023098         7501.313995355767         20.08055706976352         167.3861067986799         -4.455210582148105        6.642747897692849         3.587066707053826         
32000.00000016298         7661.836324722152         21.60757630210071         171.5757335820113         -4.785824358050571        6.32829124985758          3.414715936055883         
